-0.14465140076121272
0.571088551188699
-0.034067589113448926
0.8660857341256818
0.24810818974456916
0.6156610138787323
0.7095325502524432
1.2004522099484238
0.8120571828853278
1.0070639522706915
0.8079984947290342
1.2451322799550206
0.8487866976984263
0.9424396386036327
1.1447716021903445
1.2126119027815672
1.0570647066993661
1.0816591451455195
0.6790192283642812
0.2169226124381356
0.6579826733990475
0.05431622716580092
0.4505136850253799
0.18911113780887842
-0.12454630558743368
-0.26031081998308714
0.17537614047630443
-0.535359699010283
-0.48830271573920375
-0.4794248290326973
-0.62355663211409
-0.776236591102061
-1.0208575867194154
-0.6659949973960684
-1.1504236792679374
-1.243777865686083
-0.7151899297629889
-1.0394818949602402
-1.1845954615141738
-1.2317764763572006
-1.121039374460574
-0.8833511973098334
-1.0836260802452355
-0.9198724299134952
-0.6331588396328603
-0.39537554926809776
-0.904933891032808
-0.23252284240512774
-0.08728181708559851
-0.022500865216581303
-0.11513815515820992
0.4774145093501877
0.43077264595558484
0.20082686589493728
0.2993353314675724
0.5908148006508804
0.5900743215585896
1.1023810469403243
0.9020494134219743
0.8799462282328671
0.9862360627301479
1.0649235719407781
0.9906498274620329
0.9640803669692153
0.6964807343308987
0.875318093994193
0.4637086709163191
0.5978814535367684
0.6597117880042787
1.232410181423715
0.6505819445148838
0.4601077212844793
0.15381923100827236
0.7729744279028871
0.0706448569436633
-0.21545441365090254
-0.04231060520218867
-0.31294933073233233
-0.16265822241883793
-0.48951034002863997
-0.45195378838649936
-0.3051754925437685
-0.5629873531784303
-0.908965571690653
-0.8957378932236747
-0.9056037138825432
-0.893845343693615
-1.0131356016483197
-0.7352102583218443
-0.9097563124188911
-1.0006771100495189
-0.73347192719471
-0.8447655978718906
-1.1366193830722877
0.036446212612192386
-0.4803051901818038
-0.2783487652258869
-0.19770084403472077
-0.16381657338591463
-0.35096734384805595
-0.16598674389267998
0.08727221248270578
0.26973019269577975
0.17830474558361623
0.5008963140485465
0.4408501497371592
0.9925706303693631
0.859824146107099
0.9756002305726151
0.9435453011235787
0.813454039838787
0.6015330437436738
1.1142203193400597
0.7204113138846922
0.8895041065392769
0.6593681914000893
1.0955850414749102
0.7787900210824334
0.8698852735001523
0.5807737828784189
0.33609537945507867
0.20757097626954762
0.4057846556294343
0.04143290219123494
0.05154852857641151
-0.07525205109994096
-0.008581784837638051
-0.5443719376691835
0.03348944733864003
0.777723852912207
1.7235097765649894
2.2549847538469385
2.121884481634433
2.419092503510826
2.482877529522376
2.9834401406337174
3.0993539185999848
3.1142833523711304
3.4813697816518463
3.816653993478256
3.2102244640763478
3.5597258532897236
4.084208352246808
4.158920442833217
4.279876485448973
4.159977338012749
4.3481692444735565
4.257736409036725
4.424742291717149
4.21623998507608
4.47652959405281
4.5923981667581515
4.4745432653856785
4.785182168334201
4.7974554088355434
4.775777775087248
5.009033366616393
5.136701978972172
5.008416609148653
4.927890585629536
5.039499171611911
5.220205480893352
5.28128768799871
4.98724882407216
4.9090887464090605
5.217537889347968
5.52725685801568
5.508796332006872
5.37912322828277
4.966270819038861
5.669561559568762
5.366353392868422
5.461956552325804
5.659026297511326
5.457820759427507
5.4676910544044475
5.716177594677902
5.757507237221072
5.684073300914713
5.472932433192379
5.3750405481058285
5.477049944379368
5.437199547320928
5.961587127090338
6.072868071925862
5.998212343236258
5.849637956089444
5.526165279006565
5.865085742884436
6.067790800956883
5.9658428532858965
5.95262410173806
6.213278701293045
5.782487648740826
6.232746052866485
6.073668645024467
5.794986401040277
6.30684158730439
6.142258834156987
6.013072876475572
6.589862844161955
6.043001511287271
6.197270028729526
6.459158143811125
6.23710265253695
6.149834756934243
6.192922573031202
6.260568404262445
6.441103854124704
6.486403333165371
6.55470439705121
6.602290225205789
6.328300761452265
6.245697096404436
6.698443385591041
6.403303661539727
6.524421291575107
6.285557646670547
6.636968141066141
6.530921487382589
6.430899857807738
6.711268403359866
6.4607635982688985
6.7734637372437705
6.61494173680583
6.285413200518483
6.391786065023629
6.533398278484885
6.785655505549766
6.542742326625498
7.037423891214074
6.837548584564449
6.573298191070909
6.626778523526702
6.610001949348704
6.391462378961533
6.736806925556375
7.10831457470192
6.832633249560767
7.126111655018144
6.733785806862786
7.01514842437774
6.57503062752653
6.636890657549719
6.879568040562642
6.6945262492241335
6.612034114304375
6.79760239801561
6.612749623533664
6.986077560868841
6.902446098930424
7.04914591357352
6.7742118072691575
7.213829924013527
7.03103062064837
1.0213268819285717
1.1804599198162755
1.0558775034887737
0.5728232465750644
0.9807001578035194
1.0001241065003184
0.6792165613452328
0.4858617761293521
0.2771375316192626
0.06812654007272034
0.08077990730976445
0.07634016063236444
-0.11318159301616099
0.10087493028969508
-0.3052303965092806
-0.30643867841179845
-0.3132686798501627
-0.5451703033799477
-0.8409034378853601
-0.980915522559235
-0.7828398218431122
-0.9484633071531745
-1.432420979797752
-1.1076277476615255
-1.104251671410132
-1.1629414673546379
-1.1540806055959538
-0.593238338010257
-0.7301746619892576
-1.0626809297810718
-0.8730638676508484
-0.48434144501191845
-0.3880988819065079
-0.3412067559420487
-0.4586407729805877
-0.45753677360669776
-0.16070401057922368
0.11678105856960652
0.19581101223598474
0.3219827207695674
0.7084088626055349
0.3196952188898198
0.8947412712678894
1.215599713675887
0.7869407522618985
0.659179457436352
0.9195656444703422
0.9155688975382624
0.965698559724316
0.9482775709037157
1.1363709864223188
1.0712622019974187
0.525588391317245
0.8236022389679702
0.6602773566159724
0.8171435330854674
0.9025540260460967
0.20005478768849821
0.492699867477808
0.41018163274120845
0.15520047856065172
0.37572181693679274
-0.2725758428637598
0.17919149385498453
-0.4410113414367946
-0.3096187896214353
-0.44671884083141433
-0.803875015950348
-0.7535446276432105
-0.5701890597951631
-1.1364303316551312
-0.8120661594974424
-1.0209384112332152
-0.7562676173664675
-1.3840661567170025
-0.7194061692151477
-1.2070646676093928
-1.2217744209117254
-1.0369622312174491
-1.0199527128724415
-0.36713508841649656
-0.7969683537373473
-0.7387778477559603
-0.5902319298772207
-0.2845688728806946
-0.41239238629013253
0.2299125743711021
0.24366188741884692
0.4085626365695654
0.1760067910723673
0.6633085717352158
0.3520126403104146
0.6365853071888039
0.7598858919727101
1.0023255271196674
1.015026190536811
0.906508614042824
0.9612383469239457
0.9711413370864861
0.8951933202816078
1.2195869128208647
1.063709478874728
1.1517449237995172
1.0069678880314092
1.017548545279448
1.0810411855227995
0.6164987512231087
0.5012436375465735
0.33142186822276176
0.3174662628112601
0.4382766183764345
-0.056976594629961824
-0.3222359577129544
-0.44909623778249513
-0.15092724602496557
-0.5968339775498321
-0.20092736871635702
-0.18575694554587308
-0.8315952378632225
-0.5988959009801111
-0.8597769130581475
-0.7095874884976785
-1.3163613162563008
-0.7480849840905265
-0.7807968487103772
-0.8132717932183389
-1.076977886950855
0.6405960005804019
1.226235740698314
1.0006319791346656
1.3869179596669567
1.2656595484472561
1.2347734721189327
1.3147507314430071
1.5156220965419618
1.4502431906453175
1.7094073112859307
1.347072632140698
1.3461288391273811
1.2824728274221462
1.3690237636665346
1.6175078252083088
1.5231128380511632
1.3210401776983918
1.14768026440476
1.414586433090086
1.548565899439724
1.730599588612922
1.5724509576897496
1.7420200583148304
1.4418213940447113
1.7653557393276955
1.3016760513328232
1.3918932241480926
1.5556153123024918
1.3573671166894665
1.5995839583827578
1.3448539432808178
1.5762858613958324
1.7790102915782804
1.6016740528230775
1.8018571096804554
1.2539795000647815
1.7428525676658206
1.70604962935978
1.597600299677444
1.6717797738190496
1.3378661425114442
1.4718327356386385
1.4705734612124408
1.6968978329505464
1.7539117889305564
1.6664689924437481
1.5289314064751693
1.5895549802925584
1.613607018139119
1.6738287690596654
1.5835467165254096
1.1291498454370643
1.7391530766721008
1.7306910810557248
1.677853026996948
1.588142657223321
1.811428240677888
1.447594918935209
1.6411623841883416
1.8032402280900033
1.8180217819373474
1.3883798171513413
1.2346080287509433
1.5241401811843467
1.4705539499434193
1.6731329512097537
1.573967686091353
1.8382662960563012
1.7441329170391326
1.5411131490716603
1.8789540126014692
1.3294590978258052
1.469169095736946
1.501500941574244
1.823151979899345
1.5114480216521686
1.6111704949874521
1.6195318827612106
1.2598365458891345
1.403643143978772
1.6445830545117952
1.654270254417697
1.4178481587183782
1.370099054414792
1.673248195486491
1.7125855678775384
1.5639566785359964
1.7748231556041618
1.6552941271256025
1.2866469210239897
1.3336290317931956
1.6324767473694242
1.5339162677643046
1.5948595314025784
1.3117422364945426
1.5858494319145062
1.4726666245152475
1.6201742994233723
1.4314739325325239
1.7654031931467757
1.6490505540478044
1.4823412594765017
1.5118059896959373
1.4808688100236291
1.4815321643290393
1.4968744219533552
1.1898585532253352
1.8875741663264385
1.7286369199794493
1.46815371193363
1.259937468206645
1.736656753979422
1.3512844274861935
1.9436446911938778
1.6259730463772826
1.8245699944258236
1.5153313625398857
1.5390982758643361
1.7949369563740416
1.799405095328893
1.6822267439789926
1.2705669343269066
1.5129975472560204
1.48114812954466
1.6487332482516728
1.4466965514753203
1.4863444581100005
1.699436315589177
1.7268448788085815
1.6853048420663606
2.039038259228205
