0.0
0.12533323356430426
0.2486898871648548
0.3681245526846779
0.4817536741017153
0.5877852522924731
0.6845471059286886
0.7705132427757893
0.8443279255020151
0.9048270524660196
0.9510565162951535
0.9822872507286886
0.9980267284282716
0.9980267284282716
0.9822872507286887
0.9510565162951536
0.9048270524660195
0.844327925502015
0.7705132427757893
0.6845471059286888
0.5877852522924732
0.4817536741017152
0.36812455268467814
0.24868988716485524
0.12533323356430454
1.2246467991473532e-16
-0.12533323356430429
-0.24868988716485457
-0.3681245526846779
-0.4817536741017154
-0.5877852522924727
-0.6845471059286884
-0.7705132427757894
-0.8443279255020153
-0.9048270524660198
-0.9510565162951535
-0.9822872507286887
-0.9980267284282716
-0.9980267284282716
-0.9822872507286887
-0.9510565162951536
-0.9048270524660199
-0.844327925502015
-0.7705132427757896
-0.684547105928689
-0.5877852522924734
-0.4817536741017161
-0.36812455268467786
-0.24868988716485535
-0.12533323356430465
-2.4492935982947064e-16
0.12533323356430418
0.24868988716485488
0.3681245526846782
0.4817536741017149
0.5877852522924729
0.6845471059286886
0.7705132427757887
0.8443279255020152
0.9048270524660194
0.9510565162951532
0.9822872507286886
0.9980267284282716
0.9980267284282716
0.9822872507286886
0.9510565162951536
0.9048270524660192
0.8443279255020151
0.7705132427757886
0.6845471059286884
0.5877852522924734
0.48175367410171466
0.368124552684678
0.2486898871648555
0.1253332335643039
3.6739403974420594e-16
-0.12533323356430318
-0.24868988716485477
-0.36812455268467725
-0.48175367410171555
-0.5877852522924728
-0.6845471059286878
-0.770513242775788
-0.8443279255020156
-0.9048270524660197
-0.9510565162951534
-0.9822872507286885
-0.9980267284282714
-0.9980267284282716
-0.9822872507286886
-0.9510565162951538
-0.90482705246602
-0.8443279255020161
-0.7705132427757898
-0.6845471059286885
-0.5877852522924735
-0.4817536741017163
-0.3681245526846781
-0.2486898871648556
-0.125333233564304
-4.898587196589413e-16
0.12533323356430304
0.24868988716485466
0.36812455268467714
0.48175367410171543
0.5877852522924727
0.6845471059286891
0.7705132427757891
0.8443279255020146
0.9048270524660188
0.9510565162951534
0.9822872507286888
0.9980267284282716
0.9980267284282717
0.9822872507286889
0.9510565162951532
0.9048270524660194
0.8443279255020152
0.7705132427757898
0.6845471059286898
0.587785252292475
0.4817536741017149
0.3681245526846782
0.2486898871648557
0.1253332335643059
2.388680238973927e-15
-0.1253332335643047
-0.24868988716485452
0.0
1.0
1.584962500721156
2.0
2.321928094887362
2.584962500721156
2.807354922057604
3.0
3.169925001442312
3.321928094887362
3.4594316186372973
3.584962500721156
3.700439718141092
3.807354922057604
3.9068905956085187
4.0
4.087462841250339
4.169925001442312
4.247927513443585
4.321928094887363
4.392317422778761
4.459431618637297
4.523561956057013
4.584962500721156
4.643856189774724
4.700439718141092
4.754887502163468
4.807354922057604
4.857980995127572
4.906890595608519
4.954196310386875
5.0
5.044394119358453
5.087462841250339
5.129283016944966
5.169925001442312
5.20945336562895
5.247927513443585
5.285402218862249
5.321928094887363
5.357552004618084
5.392317422778761
5.426264754702098
5.459431618637297
5.491853096329675
5.523561956057013
5.554588851677638
5.584962500721156
5.614709844115208
5.643856189774724
5.672425341971495
5.700439718141092
5.727920454563199
5.754887502163468
5.78135971352466
5.807354922057604
5.832890014164741
5.857980995127572
5.882643049361842
5.906890595608519
5.930737337562887
5.954196310386875
5.977279923499917
6.0
6.022367813028454
6.044394119358453
6.066089190457772
6.087462841250339
6.108524456778169
6.129283016944966
6.149747119504682
6.169925001442312
6.189824558880018
6.20945336562895
6.22881869049588
6.247927513443585
6.266786540694901
6.285402218862249
6.303780748177103
6.321928094887363
6.339850002884624
6.357552004618084
6.3750394313469245
6.392317422778761
6.409390936137702
6.426264754702098
6.442943495848728
6.459431618637297
6.475733430966398
6.491853096329675
6.507794640198696
6.523561956057013
6.539158811108031
6.554588851677638
6.569855608330948
6.584962500721156
6.599912842187128
6.614709844115208
6.6293566200796095
6.643856189774724
6.658211482751795
6.672425341971495
6.6865005271832185
6.700439718141092
6.714245517666122
6.727920454563199
6.741466986401147
6.754887502163468
6.768184324776926
6.78135971352466
6.794415866350106
6.807354922057604
6.820178962415188
6.832890014164741
6.845490050944375
6.857980995127572
6.870364719583405
6.882643049361842
6.894817763307944
6.906890595608519
6.918863237274595
6.930737337562887
6.94251450533924
6.954196310386875
6.965784284662087
6.977279923499917
6.9886846867721655
0.9921147013144779
0.9685831611286311
0.9297764858882515
0.8763066800438636
0.8090169943749475
0.7289686274214116
0.6374239897486897
0.5358267949789965
0.42577929156507266
0.30901699437494745
0.18738131458572474
0.06279051952931353
-0.0627905195293134
-0.1873813145857246
-0.3090169943749471
-0.4257792915650727
-0.5358267949789969
-0.6374239897486897
-0.7289686274214113
-0.8090169943749473
-0.8763066800438636
-0.9297764858882513
-0.968583161128631
-0.9921147013144778
-1.0
-0.9921147013144779
-0.9685831611286312
-0.9297764858882515
-0.8763066800438636
-0.8090169943749478
-0.7289686274214119
-0.6374239897486895
-0.5358267949789963
-0.42577929156507216
-0.30901699437494756
-0.18738131458572463
-0.06279051952931321
0.06279051952931283
0.18738131458572427
0.30901699437494723
0.4257792915650718
0.5358267949789968
0.6374239897486893
0.7289686274214112
0.8090169943749473
0.8763066800438631
0.9297764858882515
0.968583161128631
0.9921147013144778
1.0
0.9921147013144779
0.9685831611286311
0.9297764858882513
0.8763066800438638
0.8090169943749476
0.7289686274214116
0.6374239897486903
0.5358267949789964
0.42577929156507305
0.30901699437494856
0.18738131458572474
0.0627905195293142
-0.0627905195293136
-0.18738131458572502
-0.3090169943749471
-0.4257792915650733
-0.5358267949789967
-0.6374239897486905
-0.7289686274214118
-0.8090169943749472
-0.8763066800438639
-0.9297764858882515
-0.968583161128631
-0.9921147013144779
-1.0
-0.992114701314478
-0.9685831611286311
-0.9297764858882517
-0.8763066800438635
-0.8090169943749477
-0.7289686274214123
-0.6374239897486911
-0.5358267949789958
-0.4257792915650724
-0.30901699437494784
-0.18738131458572574
-0.06279051952931522
0.0627905195293126
0.1873813145857249
0.309016994374947
0.4257792915650716
0.535826794978995
0.6374239897486891
0.7289686274214117
0.8090169943749471
0.876306680043863
0.9297764858882513
0.968583161128631
0.9921147013144779
1.0
0.992114701314478
0.9685831611286312
0.9297764858882517
0.8763066800438635
0.8090169943749478
0.7289686274214111
0.6374239897486899
0.5358267949789973
0.4257792915650741
0.30901699437494795
0.18738131458572413
0.06279051952931357
-0.06279051952931247
-0.18738131458572305
-0.30901699437494856
-0.4257792915650731
-0.5358267949789964
-0.637423989748689
-0.7289686274214104
-0.809016994374946
-0.8763066800438638
-0.9297764858882513
-0.9685831611286309
-0.9921147013144777
-1.0
-0.9921147013144778
-0.9685831611286312
0.7853981633974483
1.1071487177940904
1.2490457723982544
1.3258176636680326
1.373400766945016
1.4056476493802699
1.4288992721907328
1.446441332248135
1.460139105621001
1.4711276743037347
1.4801364395941514
1.4876550949064553
1.4940244355251187
1.4994888620096063
1.5042281630190728
1.5083775167989393
1.512040504079174
1.5152978215491797
1.5182132651839548
1.5208379310729538
1.5232132235179132
1.5253730473733196
1.5273454314033659
1.5291537476963082
1.5308176396716067
1.5323537367737086
1.5337762109209665
1.5350972141155728
1.5363272257953886
1.5374753309166493
1.5385494443596428
1.5395564933646284
1.5405025668761214
1.5413930385908916
1.5422326689561365
1.5430256902014756
1.5437758776076318
1.5444866095419745
1.545160918273219
1.5458015331759765
1.546410917622178
1.5469913006098266
1.5475447039844337
1.5480729659532555
1.5485777614681775
1.5490606199531038
1.5495229407708355
1.5499660067586796
1.5503909961083586
1.550798992821746
1.551190995937692
1.5515679276951895
1.5519306407732258
1.5522799247268875
1.5526165117219184
1.5529410816553442
1.5532542667374942
1.5535566556003668
1.5538487969884918
1.554131203080956
1.5544043524868913
1.5546686929512603
1.5549246438031066
1.5551725981744198
1.5554129250143014
1.555645970920127
1.5558720618048116
1.5560915044170451
1.5563045877293966
1.5565115842075
1.5567127509720364
1.5569083308639295
1.5570985534220307
1.5572836357815685
1.557463783500751
1.5576391913221408
1.5578100438747242
1.557976516321996
1.5581387749608446
1.5582969777755349
1.558451274950672
1.5586018093466447
1.5587487169407106
1.5588921272365868
1.5590321636451379
1.5591689438385128
1.559302580079866
1.5594331795306058
1.559560844536934
1.5596856728972892
1.559807758112163
1.5599271896176263
1.5600440530037953
1.5601584302193552
1.5602703997631713
1.560380036863927
1.5604874136486533
1.5605925993009424
1.5606956602095747
1.5607966601082315
1.560895660206908
1.5609927193156006
1.5610878939607877
1.5611812384951942
1.5612728052012839
1.5613626443888957
1.5614508044874067
1.5615373321327735
1.5616222722497866
1.561705668129837
1.5617875615044796
1.5618679926150598
1.5619470002786389
1.5620246219504539
1.562100893783118
1.5621758506827603
1.562249526362285
1.562321953391926
1.5623931632472496
1.5624631863547607
1.5625320521352455
1.562599789044984
1.5626664246149526
1.5627319854881296
1.56279649745501
1.5628599854874305
1.562922473770796
1.5629839857347956
1.5630445440826897
1.5631041708192477
1.5631628872774035
