0.0
0.6310890736466699
0.732493875246699
0.5011350044523668
0.5830847416853692
1.175570504584946
1.7495168183754386
1.7761405864685675
1.453541750087041
1.4292314984139776
1.902113032590307
2.3449971079754386
2.2311675577735333
1.7609393559395539
1.5841518949393163
1.9021130325903075
2.1900767114501
1.9237699519210192
1.3059123846345893
0.988671605339316
1.1755705045849465
1.3439299547214918
0.9713632062863463
0.26226567341271967
-0.12975613938945327
-1.7151244994428829e-15
0.12975613938945313
-0.26226567341272017
-0.9713632062863435
-1.343929954721491
-1.1755705045849472
-0.9886716053393148
-1.3059123846345895
-1.923769951921017
-2.190076711450101
-1.9021130325903113
-1.5841518949393167
-1.7609393559395532
-2.2311675577735315
-2.3449971079754395
-1.9021130325903073
-1.42923149841398
-1.4535417500870398
-1.7761405864685669
-1.7495168183754388
-1.1755705045849474
-0.5830847416853686
-0.5011350044523661
-0.7324938752466975
-0.6310890736466693
-4.2135277658308015e-15
0.6310890736466713
0.7324938752467006
0.501135004452366
0.5830847416853694
1.1755705045849472
1.7495168183754406
1.7761405864685642
1.4535417500870391
1.429231498413979
1.902113032590303
2.3449971079754395
2.231167557773532
1.7609393559395523
1.5841518949393145
1.9021130325903022
2.190076711450098
1.923769951921021
1.3059123846345897
0.9886716053393135
1.175570504584941
1.3439299547214922
0.9713632062863455
0.2622656734127225
-0.12975613938945427
-2.3032025552882486e-15
0.12975613938945513
-0.2622656734127207
-0.9713632062863413
-1.343929954721494
-1.1755705045849454
-0.9886716053393164
-1.305912384634583
-1.9237699519210232
-2.190076711450101
-1.9021130325903106
-1.5841518949393179
-1.7609393559395516
-2.2311675577735293
-2.344997107975441
-1.9021130325903097
-1.4292314984139767
-1.453541750087043
-1.776140586468567
-1.7495168183754382
-1.175570504584946
-0.5830847416853747
-0.5011350044523608
-0.7324938752467023
-0.6310890736466704
-8.427055531661603e-15
0.631089073646667
0.7324938752466936
0.5011350044523664
0.5830847416853704
1.1755705045849514
1.74951681837544
1.7761405864685642
1.4535417500870447
1.4292314984139802
1.9021130325903113
2.3449971079754417
2.2311675577735386
1.760939355939556
1.5841518949393198
1.9021130325903002
2.190076711450094
1.9237699519210203
1.3059123846345855
0.9886716053393142
1.1755705045849434
1.3439299547214911
0.9713632062863422
0.2622656734127226
-0.12975613938945335
3.5036040107072884e-15
0.12975613938945366
-0.26226567341272067
-0.9713632062863462
-1.3439299547214894
-1.1755705045849514
-0.9886716053393106
-1.30591238463458
-1.9237699519210192
-2.1900767114500996
-1.9021130325902977
-1.5841518949393163
-1.760939355939545
-2.2311675577735297
-2.344997107975438
-1.9021130325903193
-1.4292314984139802
-1.4535417500870378
-1.7761405864685709
-1.7495168183754413
-1.1755705045849616
-0.5830847416853747
-0.50113500445236
-0.7324938752466956
-0.6310890736466742
-1.2640583297492403e-14
0.6310890736466631
0.7324938752466981
0.5011350044523625
0.5830847416853685
1.1755705045849414
1.7495168183754382
1.7761405864685695
1.453541750087049
1.4292314984139765
1.9021130325903073
2.3449971079754413
2.2311675577735413
1.7609393559395643
1.5841518949393214
1.9021130325903055
2.1900767114501027
1.9237699519210212
1.305912384634592
0.9886716053393162
1.1755705045849372
1.3439299547214987
0.9713632062863486
0.2622656734127198
-0.1297561393894506
-2.0582731954587775e-15
0.12975613938945854
-0.2622656734127247
-0.9713632062863374
-1.3439299547214902
-1.1755705045849494
-0.9886716053393154
-1.3059123846345908
-1.923769951921007
-2.1900767114500885
-1.9021130325903013
-1.584151894939314
-1.7609393559395612
-2.2311675577735275
-2.3449971079754435
-1.902113032590306
-1.4292314984139798
-1.4535417500870336
-1.7761405864685678
-1.7495168183754464
-1.175570504584949
-0.5830847416853798
-0.5011350044523647
-0.7324938752466968
-0.631089073646674
-1.6854111063323206e-14
0.631089073646667
0.7324938752467003
0.5011350044523553
0.5830847416853671
1.1755705045849374
1.7495168183754386
1.7761405864685773
1.4535417500870478
1.429231498413975
1.9021130325902977
2.3449971079754213
2.2311675577735253
1.7609393559395663
1.5841518949393165
1.9021130325902937
2.1900767114501063
1.9237699519210183
1.3059123846345846
0.9886716053393195
1.1755705045849567
1.3439299547214845
0.9713632062863323
0.2622656734127272
-0.12975613938944494
-6.909607665864743e-15
0.129756139389452
-0.2622656734126943
-0.9713632062863403
-1.3439299547214925
-1.1755705045849583
-0.9886716053393219
-1.305912384634598
-1.9237699519210285
-2.1900767114501023
-1.902113032590322
-1.5841518949393172
-1.760939355939549
-2.2311675577735195
-2.3449971079754466
-1.9021130325903235
-1.4292314984139785
-1.4535417500870398
-1.7761405864685518
-1.7495168183754388
-1.175570504584959
-0.5830847416853681
-0.5011350044523719
-0.7324938752467073
-0.6310890736466717
-5.435698642431801e-15
0.631089073646672
0.7324938752466966
0.5011350044523778
0.5830847416853753
1.175570504584933
1.7495168183754364
1.7761405864685749
1.4535417500870353
1.4292314984139731
1.902113032590294
2.344997107975431
2.231167557773531
1.7609393559395592
1.5841518949393059
1.9021130325903048
2.1900767114500965
1.923769951921008
1.3059123846346092
0.9886716053393069
1.1755705045849534
1.3439299547215011
0.9713632062863438
0.26226567341271406
-0.12975613938946548
-2.3129625908432314e-14
0.12975613938946126
-0.26226567341273727
-0.9713632062863404
-1.3439299547214885
-1.1755705045849671
-0.9886716053393176
-1.3059123846345828
-1.9237699519210274
-2.1900767114501187
-1.9021130325903224
-1.5841518949393143
-1.760939355939563
-2.2311675577735315
-2.3449971079754466
-1.9021130325903248
-1.4292314984139902
-1.4535417500870562
-1.7761405864685815
-1.7495168183754368
-1.1755705045849516
-0.5830847416853692
-0.501135004452361
-0.7324938752466903
-0.6310890736466779
-2.5281166594984806e-14
0.6310890736466673
0.7324938752467067
0.5011350044523456
0.5830847416853617
1.1755705045849456
1.7495168183754517
1.7761405864685862
1.453541750087034
1.429231498413983
1.90211303259029
2.3449971079754293
2.2311675577735417
1.7609393559395718
1.5841518949393085
1.9021130325903068
2.1900767114500943
1.9237699519210314
1.3059123846345972
0.9886716053393129
1.17557050458495
1.3439299547214885
0.9713632062863452
0.26226567341275125
-0.1297561393894465
1.6072689238287935e-14
0.12975613938945046
-0.2622656734127138
-0.9713632062863162
-1.3439299547214962
-1.175570504584925
-0.9886716053393074
-1.3059123846345926
-1.9237699519209965
-2.190076711450103
-1.902113032590282
-1.584151894939317
-1.7609393559395616
-2.231167557773532
-2.344997107975458
-1.9021130325903288
-1.4292314984139909
-1.4535417500870575
-1.776140586468561
-1.7495168183754546
-1.1755705045849731
-0.5830847416853663
-0.5011350044523685
-0.7324938752467282
-0.6310890736466755
-2.0968181531694406e-14
0.6310890736466653
0.7324938752467054
0.5011350044523682
0.583084741685378
1.175570504584924
1.7495168183754373
1.776140586468563
1.453541750087033
1.4292314984139567
1.9021130325902973
2.3449971079754275
2.231167557773548
1.7609393559395456
1.5841518949393132
1.9021130325902857
2.190076711450094
1.923769951921025
1.3059123846345988
0.9886716053393159
1.1755705045849352
1.3439299547214918
0.9713632062863745
0.26226567341274504
-0.12975613938944872
6.958098353321366e-15
0.1297561393894526
-0.2622656734126949
-0.9713632062863229
-1.343929954721479
-1.1755705045849396
-0.9886716053393269
-1.3059123846345768
-1.9237699519210145
-2.1900767114501107
-1.9021130325903184
-1.584151894939321
-1.7609393559395579
-2.2311675577735257
-2.3449971079754457
-1.9021130325902875
-1.4292314984139822
-1.4535417500870516
-1.7761405864685658
-1.7495168183754461
-1.1755705045849492
-0.5830847416853613
-0.5011350044523643
-0.7324938752466861
-0.6310890736466661
-3.370822212664641e-14
0.6310890736466747
0.7324938752466927
0.5011350044523497
0.5830847416853511
1.1755705045849143
1.74951681837546
1.776140586468572
1.4535417500870205
1.4292314984139727
1.9021130325902709
2.3449971079754373
2.231167557773558
1.7609393559395512
1.5841518949392994
1.9021130325902764
2.1900767114501036
1.9237699519210116
1.3059123846345961
0.9886716053392964
1.1755705045849318
1.3439299547215022
0.9713632062864038
0.2622656734127501
-0.1297561393894552
2.0580875012678004e-14
0.12975613938943908
-0.2622656734127263
-0.9713632062863713
-1.3439299547214913
-1.175570504584943
-0.9886716053393237
-1.3059123846345662
-1.923769951920999
-2.1900767114500876
-1.9021130325903506
-1.584151894939328
-1.760939355939535
-2.23116755777352
-2.344997107975436
-1.902113032590291
-1.4292314984139727
-1.4535417500870154
-1.7761405864685844
-1.749516818375429
-1.1755705045849592
-0.5830847416853757
-0.501135004452396
-0.732493875246676
-0.6310890736466865
7.552985196169204e-15
0.6310890736466912
0.73249387524668
0.5011350044523855
0.5830847416853366
1.1755705045849383
1.7495168183754422
1.7761405864685762
1.45354175008706
1.4292314984139822
1.902113032590294
2.344997107975425
2.231167557773547
1.7609393559395334
1.5841518949392897
1.9021130325902942
2.190076711450119
1.9237699519210607
1.3059123846345844
0.988671605339317
1.175570504584906
1.3439299547214774
0.9713632062863325
0.26226567341271867
-0.1297561393894389
-2.744570587490566e-15
0.12975613938946942
-0.2622656734127212
-0.9713632062863103
-1.3439299547215038
-1.1755705045849576
-0.9886716053393134
-1.305912384634587
-1.9237699519210232
-2.1900767114501
-1.9021130325903102
-1.5841518949393287
-1.7609393559395523
-2.231167557773546
-2.344997107975451
-1.9021130325903406
-1.4292314984139796
-1.4535417500870127
-1.776140586468571
-1.7495168183754382
-1.1755705045849576
-0.5830847416853956
-0.5011350044523418
-0.7324938752467252
-0.6310890736466631
-1.0871397284863602e-14
0.6310890736466638
0.7324938752467037
0.5011350044523762
0.5830847416853785
1.1755705045849167
1.7495168183754313
1.7761405864685489
1.4535417500870778
1.4292314984139718
1.9021130325903128
2.344997107975457